2024-04-16:
The portofolio chosen by AI:
index: 0 AMZN: weight 0.16561715574650335 exp profit: 0.7045135492462448, variance: 0.07647586395155138
index: 7 PG: weight 0.11108775002132774 exp profit: 0.10753544926030752, variance: 0.011992175045549457
index: 8 INTC: weight 0.09863652886196649 exp profit: 0.48612315464179146, variance: 0.05263587842407671
index: 26 IBM: weight 0.19349415207574677 exp profit: 0.2039597834520777, variance: 0.021315440618331336
index: 48 LLY: weight 0.2569776402225185 exp profit: 0.2331146530947465, variance: 0.04874298455422103
index: 54 TXN: weight 0.17418677307193722 exp profit: 0.5517404774846866, variance: 0.050825081934092485

The portofolio chosen by my brain:
ARM: 0.2
NVDA: 0.1
ASML: 0.1
INTC: 0.1
SAAB-B.ST: 0.1
RHM.DE: 0.1
MSFT: 0.1
BA.L: 0.1
MU: 0.1